4870404
4745420
8469742
5836166
7831137
3266898
7691009
9041238
9083714
6889635
9902973
3412392
6505631
6034897
8343751
5201267
7476092
5541359
9876520
8487215
4335423
5584342
9057928
6614110
1974822
4033833
3613737
9618318
5156349
10343231
4840878
9247285
6153152
3839043
7839954
6825618
3626432
5871512
6623663
8731660
6218863
7726430
8697276
4957199
8152067
7565781
6088221
6056476
5351633
9744168
9561114
7741400
5585201
3377345
4129689
5641151
6287348
6114981
3424535
10351236
6171524
6778876
8450572
4338294
8465120
8472938
3974847
5119701
4721568
7810006
8927953
11436390
9362220
5955820
8550041
7457931
4665162
6565916
7849795
9529530
2838228
6193649
3837528
7513849
9676997
8677707
10211350
4542219
3666009
8525883
9588661
10287043
6728355
10322767
2662645
3975838
5165390
8783019
8075959
7439222
