3700674
3571786
684200
4716455
6259495
8880121
1751492
6120090
7773009
9886198
8968220
7806503
9642344
5782477
9743173
8470790
192822
540370
9831550
9461180
9010115
993547
4925017
6726444
4022911
9810419
5909993
4386941
8450187
6856839
3107372
4438217
9584618
7786816
5515645
10527722
2751682
220986
8251517
3978975
10294200
3671741
7956822
8632682
9913561
9910466
9690237
9659461
5053827
2502823
6267366
5727501
9666383
2229343
4753999
5525705
7518286
5120018
6154338
7491053
3789379
6558361
5995967
9688261
4983593
9657775
4947453
4167709
8602654
8349597
8201757
6168363
9877611
4439280
1884990
8613702
2866592
4501817
5188392
5012114
1945346
10300936
5073796
5682452
6824348
3110615
6838112
6844585
2671237
8692277
3944015
3544495
6239380
7683812
8711477
10473176
8047602
4842236
7363441
5892341
348335
5463481
6276405
8175794
1333303
5097240
2501262
5946028
8615847
9369392
8297435
7475780
9470242
1018125
9187028
3346257
9143372
2289052
715996
8775928
8225145
10247234
5633978
10278211
1216534
2672977
3988721
7564685
6491587
5874823
6439219
4347249
10480013
8196257
9756364
6793218
5138159
7817034
1789049
6335244
3971484
2554640
991944
6575377
7889867
6887950
4803684
1491241
8139846
3604439
1222587
5381580
1857148
4980025
9239735
3107149
1655618
3602961
7894756
6544484
8633476
7568830
8069703
6035259
8380473
468259
5167556
4635617
6715955
6125538
6155881
6204124
8738578
5526667
5726355
4026236
4604012
5733606
5375163
9738212
8068348
5353507
3036166
6502777
647242
5551197
1973098
9825827
10129758
6531769
4705815
10308714
6474002
6134219
1900545
8200106
7358832
4523171
4821262
9136269
