3458857
3249545
7357410
4868824
6419123
8498808
11400418
6304755
7724074
9202792
9375835
9643368
8557246
7749660
9035329
6006611
9763366
9102251
8222446
1207280
9479638
5581270
9679620
9161507
891734
8585772
9239175
5077664
6814488
4039932
9147082
6121449
4444447
8209777
7370665
2515978
4505135
8997309
7734592
5714128
10380037
1997809
1426280
9584484
8069261
3973006
9330065
9634850
10216570
3411627
7863809
8332134
9224066
9221924
9067714
9523978
9046383
5202613
1699519
6424631
9299107
5961969
9740048
9050391
1440291
4912510
5727149
753434
5269122
6332949
7515527
3619815
6665624
6196605
9066586
513524
9045266
5100757
4235623
8312400
8139374
8031960
6344522
9195552
4506091
1179301
8318603
2167227
4586168
5346968
5162531
1218740
9727015
10220813
5219861
5917387
716736
2520871
7354002
7359564
1906741
8375414
3904605
3198183
6404333
7660043
8388512
10340813
7925921
5002679
7415214
9795727
6106632
309291
5648252
6431862
8014384
10485113
5244034
1697779
6155106
8320136
8846593
8103006
7504649
9327722
8924973
10129361
8713472
2883569
8683730
1486467
7398386
8430903
8049512
10183010
5857960
10206193
10449484
190870
3987257
9533783
7570085
6603524
6090400
6559462
4400448
10345006
8028582
9111568
6875182
9571110
5289362
7758557
1150913
6473978
9565540
3958450
1760707
9228659
6681995
7815743
7386371
4969440
9847192
10532232
7990812
3304783
10451835
5557412
11689510
5132407
9321304
8753144
2515775
1123951
3303285
7819409
6652616
8332557
7573006
7942883
9346893
6229707
9847529
8160878
4821701
5319711
4760212
6804993
6310044
6333938
6374420
8406868
572855
9715690
9367803
5960635
4045141
471942
