3397001
3250348
7431706
4618795
6431769
8721805
1264927
6295631
7826076
9540508
9723429
8789333
7859395
9337095
5948430
9417524
8404076
1448941
9849398
5471451
9488988
9171927
8818966
958215
4856833
6892712
3764612
9470465
6077704
4210983
8389775
7444584
2834399
4280302
9279873
7839683
5622991
10396475
2404764
1729046
9957429
8231945
3716394
9667067
10221967
3365434
7982328
8532812
9564539
9561399
9373398
9896545
9349571
5012950
2086193
6438970
9645616
5887269
9354705
1748632
4664857
5637350
7608945
5099023
6330767
7590395
3490946
6713242
6170202
9372046
4929117
9348727
4883195
3930533
8508946
8305994
8192247
6342767
9531962
4281537
1406166
8517201
2559656
4359652
5190671
4960809
1472703
10227010
5034821
5837890
7418510
2837294
7428279
7434626
2307266
8580787
3669927
3221071
6412030
7750297
8594463
10354877
8056839
4766003
7488849
6059622
3152434
5555211
6447988
8170274
10509028
5063304
2083451
6115667
8519410
9094975
8263906
7579370
9664958
9180699
10132240
8953532
3032158
8916930
1802777
7471163
8641569
8210867
10186771
578077
10211982
10468855
2310728
3727004
9904718
7645706
664975
6041271
6601622
4158785
10360273
8187779
9427718
7392589
9942959
5126440
7869607
1300221
6503092
9936672
3704521
2165084
9569651
6735203
7930288
7458801
4724033
1059810
8139059
3289445
10470734
5441119
1374569
4924223
9658024
899534
2833800
1172082
3286894
7934779
6699939
8533135
7648861
8077513
9687983
6211588
8333617
4577085
5160498
4525300
687365
6300952
6332110
6378048
8615037
5638941
9714654
5886875
3769589
4486286
5893931
5432423
9413563
8075816
5404230
2754246
6659456
6630495
5674196
1501685
