4139091
3981978
7792275
5339034
7370105
8991881
1561381
6795128
8152520
9775208
9936594
9058403
8176550
9587593
6493860
9663804
8684845
1805227
6108741
9728696
9449137
9089789
9815384
5587596
7708428
4529368
9712067
6612839
4937397
8670148
7804490
3417876
4999228
9542713
8162149
6228383
10429323
2978396
2203318
8502528
4477534
9886342
10239993
4105216
8285283
8815090
9796922
9794202
9624583
9600662
573452
2608231
7374560
9869473
6445212
9606312
2227261
5383683
6239943
7964601
5810748
6827383
7944333
4249232
7582511
6691336
9623562
5655997
9599262
5614341
4693536
8793557
8583624
8464920
6840554
9768277
4999948
1746430
8800962
3124056
5078735
5880515
5689032
1821893
10245488
5757844
6401657
7777358
3421887
7788759
779467
2873752
8861083
4434863
3951197
7356473
8085407
8873954
10385248
834835
