1002746
1007723
1008723
1010723
1013612
1015723
1016612
1016746
1018355
1019723
1025355
1025612
1030746
1032355
1034355
1035612
1036355
1036746
1037612
1041612
1050355
1052612
1058723
1065612
1071355
1071612
1073355
1076355
1084355
1084612
1086746
1087612
1087746
1089746
1090746
1097746
1098612
1099355
1105723
1108355
1109355
1109723
1111355
1113612
1115723
1117355
1117612
1120355
1121355
1124723
1130723
1132746
1136355
1136746
1141355
1141723
1142355
1143746
1144612
1146355
114723
1148723
1149723
1157746
1161355
1164746
1166723
1171355
1173612
1175746
1176612
1182355
1185355
1187355
1190355
1194746
1200355
1206612
1207746
1208746
1213723
1214723
1230612
1231355
1236723
1237355
1241612
1245612
1247723
1248612
1253355
1254355
1257612
1261612
1264723
1265746
1266612
1270746
127612
1276612
1276746
1279612
1280746
1283746
1288355
1289355
1294355
1296746
1298612
1299612
130355
1303746
131723
131746
1321723
1331612
1332355
1336355
1343723
1353723
1365746
1367355
1368746
1369355
1369746
1370612
137612
1379612
1380612
1386723
1388746
1389746
139612
1397355
1399355
1399612
1414612
1415723
1416612
142355
1427746
1431723
1433723
1450723
1451355
1451612
1460612
1461746
1464746
146612
1467612
1468355
1469612
1469723
1483746
1485746
1492612
149355
1493723
1496723
1506612
1510746
1511746
1512355
1520723
1531746
1533746
1534723
1536612
1537355
1538355
1547355
1548746
1557723
1560612
1561723
1561746
1562723
1563612
1564612
1573746
1578612
1578746
1579746
1584746
1589355
1589723
1599723
1602746
1609746
161355
1615355
1616612
1625612
1631612
1632612
1633612
1637746
1638746
1639612
1640723
1642746
1643612
1643723
1644355
1644612
1646612
1647723
1647746
1656746
1660612
1661612
1662723
1664612
1670723
1674723
1693746
1694355
169723
1697723
1698355
1701355
1702746
1705723
1707612
1712355
1713612
1713723
1713746
1715723
1717612
1717746
1720355
1722746
1723723
1725612
1733723
1739612
1740612
1741612
1747355
1749723
1751723
1752723
1758612
1760612
1772355
1775612
1781612
1789612
1790355
1791612
1793746
1794723
1796746
1800723
1802723
1803612
1805355
1808612
1808723
1813746
1817746
1818723
1820612
1826723
1832746
1834746
1838612
1840723
1841612
1844612
184612
1847355
1847746
1848746
1850723
1852723
1853746
1855746
1858746
1861746
1864723
1865612
186612
1871723
1873612
1878746
1882723
1885723
1896355
1899723
1902355
1906723
1915612
1920612
1921723
1921746
1923723
1929746
1933723
193746
1938723
1939612
1942746
1946612
1949355
1951612
1954612
1954723
1967355
1968355
1970612
197355
1974612
1976355
1976746
1977746
1979612
1980746
1990355
199723
2000355
2005746
2006355
2006612
2007612
2010746
2013355
2015746
2016355
2016723
2018355
2019612
2024723
2029355
2030746
2032355
2032746
203612
2038612
2049746
2051355
2064746
2067723
2070723
2070746
2073355
2076612
2079723
2080746
2081723
2083612
2092746
2099355
2102612
2103355
2103723
2105612
2108355
2108723
211355
2114723
2116355
2117723
2125355
2125612
2127612
2133746
2134355
2134612
2137723
2137746
2140355
2141355
2147355
2147723
2148612
2149355
2153723
2161612
2163746
2166612
2167746
2168355
2169355
2174746
2177612
2184723
2185612
2188355
2188612
2189723
2193355
2193612
2197746
2198746
2199612
2200746
2203612
2206355
2207612
2209612
2210746
2211746
221612
2217355
2224723
2227355
2233612
2235355
2236746
2238355
2239612
2241746
2246612
2251355
2252355
2252723
2255746
2259612
2260612
2260746
2263612
2264355
2267612
2270746
2271612
2271723
2273355
2273612
2276355
2276746
2277746
2280723
2281355
2285612
2286612
2287612
2287723
2290746
2291746
229355
2294723
2307723
2307746
2309723
2310612
2311355
2315723
2319355
2319612
2320746
2321355
2321746
2322746
2326612
2326723
232746
2333723
2334355
2335723
2346746
2349723
2350723
2351723
2351746
2354723
2359612
2362355
2367355
2370612
2372746
2375612
2377355
237746
2377723
2378723
2378746
2381355
2381746
2382612
2383746
2385612
2386612
2387746
2390355
2392612
2395746
2396355
2396612
2396746
2400355
2401355
2404746
2408612
2409723
2409746
2412723
2413746
2415355
241612
2416612
2418612
2419723
2420612
2420746
2421612
2422355
2423612
2424355
2425355
2430723
2433723
2434355
2434723
2435355
2436355
2436746
2440746
2441723
2444355
2444746
2445355
2446746
2447746
2450612
2452612
2452746
2453355
2453723
2455612
2457746
2459723
2460355
2462723
2464612
246746
2468746
2469746
2475355
2477723
2484612
2484723
2486355
2488723
2491355
2492612
2493355
2494355
2494612
2494723
2494746
2495612
2497355
2499612
2500612
2501612
2505355
2505746
2506355
2509746
2510723
2512612
2513723
2516612
2519355
2521355
2521723
2522723
2522746
2525355
2529612
2530355
2531612
2536355
2538612
2542746
2548612
2549746
2550746
2551612
2553612
2554746
2555746
2561612
2563355
2563612
2563723
2568355
2568612
2570355
2570723
2572723
2572746
2575355
2577746
2579746
2580355
2582612
2584612
2584746
2586612
2586723
2587612
2587723
2590723
2594746
2595746
2596612
2599355
2600355
2600746
2601612
2601723
2601746
2602723
2605355
2605723
2607355
2608746
2609612
2609746
2611612
2615355
2619612
2621612
2623355
2624746
2626746
2628355
2629355
2629612
2630612
2631723
2632746
2633612
2636612
2636746
2637612
2639612
2640612
2640723
2641746
2643746
2647355
2648746
2650746
2653746
2656612
2662746
2664355
2664723
2665355
2665612
2666612
2666723
2667612
2667746
2669746
2670355
2670612
2670723
2673746
2675612
2679612
2680723
2683355
2684746
2686355
2688723
2690612
2692355
2694355
2698723
2701355
2701612
2710612
2712612
2713612
2713723
2716746
2718746
2719612
2719746
2720355
2727355
2729612
2730612
2730746
2735746
2736355
2736612
2737355
2737723
2739612
2739723
2740612
274355
2743612
2743746
2749612
2749723
2750355
2752612
2757746
2760355
2760612
2766355
2767355
2767612
2768746
2772355
2775355
2776612
2777612
2777746
2778612
2778723
2778746
2779612
2780355
2781355
2781723
2784746
2785355
2785612
2785746
2788355
2788723
2788746
2789355
2791746
2793355
2794723
2795723
2795746
2797746
2798355
2798746
2799723
2800612
2800746
2801746
2802746
2803612
2805746
2808746
2811355
2811612
2812746
2814355
2816746
2820723
2822723
2826612
2826746
282723
2830612
2831612
2832746
2833723
2834612
2834723
2837355
2838355
2838723
2840746
2843612
2843746
2844612
2845355
2845612
2847612
2849355
2849723
2850612
2852723
2854612
2854746
2856612
2857612
2857723
2858612
2860612
2863723
2864723
2865723
2867723
2868355
2868723
2869612
2870746
2871355
2872612
2873746
2877355
2879723
2881746
2883746
2885355
2887746
2890355
2890723
2894612
2895723
2900612
2900746
2901355
2901746
2903355
2903612
2903723
2905746
2906746
2913612
2914612
2914746
2915746
2916746
2923612
2923746
2924355
2925355
2930612
2933355
2933723
2933746
2935355
2935746
2936612
2936723
2937723
2938355
2939746
2940612
2940723
2940746
2942355
2942723
2943355
2943723
2944355
2946746
2948723
2949612
2950355
2951746
2952723
2954355
2954612
2955612
2961723
2964723
2967355
2967612
2970612
2970746
2971355
2972612
2973612
2973746
2974723
2978612
2980723
2981612
2981746
2983746
2984612
2986612
2988355
2988612
2989355
2989746
2991612
2994612
2995612
2996355
3001746
3003355
3003746
3007355
3008355
3013355
3013723
3016746
3017723
3019612
3019723
3020746
3023723
3026746
3027746
3028355
3029723
3032612
3033612
3034612
3034746
3035746
3038612
3039723
3040355
3042723
3046746
3048355
3049612
3051355
3051612
3052612
3053746
3055746
3056723
3057355
3058746
3059746
3061723
3064612
3064723
3064746
3065355
3066355
3066746
3068612
3070355
3071746
3075746
3077723
3078355
3079746
3080355
3082355
3083746
3084355
3085612
3085723
3086746
3087723
3088612
3089612
3090746
3095723
3095746
3096612
3097612
3100612
3102746
3103355
3105355
3105746
3108723
3109355
3109612
3110612
3110746
3111612
3112355
3112612
3112746
3113612
3113746
3114612
3116612
3117723
3117746
3118355
3119355
3120612
3121355
3122355
3122746
3123746
3124746
312746
3128612
3129355
3129612
3133355
3134746
3136746
3143746
3144723
314612
3149612
3151355
3151723
3151746
3154355
3157355
3157612
3159746
3161355
3162612
3162746
3163355
3163746
3164723
3164746
3165746
316612
3167355
3167612
3170355
3171723
3171746
3172612
3172723
3172746
3173612
3173746
3174612
3174723
3176612
3177746
3178746
3179612
3180355
3181746
3182723
3184355
3186612
3186723
3186746
3188723
3189746
3191746
3195355
3195612
3195723
3198355
3199612
3200746
3201612
3202355
3202746
3204355
3205355
3205612
3206355
3207355
3207746
3209612
3211355
3212612
3214355
3215612
3215746
3217355
3219723
3219746
3226746
3228612
3229612
3229723
3233355
3233723
3237355
3237723
3238723
3239723
3241355
3242612
3244355
3244612
3244723
3245746
3249612
3249746
3251723
3252723
3253723
3255612
3260612
3260746
3262746
3264355
3265723
3266355
3266612
3266723
3268355
3269723
3269746
3273612
3273723
3275355
3276723
3277612
3279355
3282355
3282723
3284746
3285723
3288723
3289612
3291612
3292723
3293723
3295746
3296612
3298355
3299355
3300746
3301612
3303612
3307355
3308723
3311612
3315612
3315746
3316612
3318355
3318612
3318746
3319612
3320355
3320612
3323612
3323746
3324746
3325355
3325612
3328612
3332355
3333355
3335612
3335746
3338612
3340612
3342723
3344723
3345355
3345746
3347746
3349355
3349746
3351612
3351746
3353612
3353723
3353746
3354746
3357723
3358746
3361612
3362355
3363746
3364612
3365746
3366723
3367612
3373355
3375723
3376355
3377746
3378355
3378612
3379612
3380612
3381612
3382355
3382746
3383612
3386746
3387723
3388355
3389612
3389723
3389746
3390723
3391612
3391723
3392723
3394746
3395355
3397355
3398355
3399746
3400612
3402355
3403746
3405746
3411355
3412612
3413355
3413612
3413723
3414746
3415355
3415746
3417612
3418723
3419746
3420746
3423355
3423612
3423723
3424612
3424723
3425612
3426355
3428723
3428746
3429355
3429612
3429746
3431723
3432746
3434612
343612
3436612
3437612
3437723
3437746
3438612
3440355
3440612
3442612
3444612
3446355
3446746
3447355
3449355
3449723
3450723
3451612
3455612
3457612
3457723
3457746
3458355
3458612
3459723
346355
3463612
3464355
3464746
3465355
3465612
3466746
3467612
3468355
3469612
3470612
3470746
3473723
3478355
3483355
3484355
3484746
3487355
3492612
3495612
3495746
3497355
3500746
3502355
3502612
3503723
3505612
3508355
3508612
3508723
3508746
3509746
3511723
3512355
3512746
3514355
3515612
3516355
3516723
3517355
3518355
3518723
3519723
3519746
3520746
3521746
3522723
3522746
3523746
3524723
3525612
3526723
3527723
3527746
3528723
3530746
3532612
3534723
3535612
3539612
3542355
3542612
3544612
3548612
3549723
3550612
3551746
3553746
3554355
3554723
3554746
3555612
3555746
3556355
3556723
3558355
3558612
3558746
3559355
3559723
3560355
3560723
3560746
3561355
3561612
3564612
3566612
3567612
3570612
3570723
3570746
3572612
3573355
3573612
3576746
3578355
3580355
3580746
3582612
3582746
3584355
3584746
3585746
3586746
3587746
3588612
3589612
3589746
3591612
3592612
3593612
3593723
3594355
3594746
3595612
3596612
3597612
3597723
3598723
3599746
3600612
3602612
3603355
3603746
3604355
3604612
3604723
3605723
3606612
3606746
3610355
3611355
3611612
3611746
3612612
3613612
3613746
3615746
3617612
3619612
3622723
3623612
3624355
3625746
3626355
3627612
3628355
3628612
3629746
3631612
3632723
3633746
3634612
3635612
3635723
363723
3637723
3639746
3640355
3641355
3642612
3642723
3642746
3643355
3644723
3646355
3647355
3647723
3648355
3648612
3648746
3649612
3651723
3653355
3654612
3655355
3655612
3655746
3656723
3656746
3657612
3657746
3658612
3658746
3659355
3659723
3659746
3660612
3663612
3664355
3664612
3668612
3670612
3672612
3673723
3673746
3674723
3674746
3675746
3676612
3677612
3677746
3678355
3678612
3678723
3678746
3679612
3680612
3681355
3681723
3682355
3682746
3683355
3685723
3688723
3689723
3690355
3691355
3691612
3691723
3691746
3695746
369612
3697355
3697612
3698355
3699612
3699746
3700612
3703612
3703746
3705612
3705746
3707746
3712746
3713355
3713612
3713746
3714612
3715723
3716355
3716746
3717612
3718355
3719612
3719746
3720612
3721355
3721612
3721746
3724723
3724746
3725612
3727355
3727746
3728355
3733355
3733746
3734723
3735746
3737355
3738612
3739612
3739723
3739746
3740723
3741746
3742355
3742723
3744355
3746723
3747746
3749723
3750612
3751723
3752355
3753612
3754746
3756612
3757723
3757746
3759723
3760355
3763746
3764723
3764746
3765746
3766355
3768355
3769355
3769723
3771746
3774355
3778746
3779355
3779612
3780746
3782612
3784355
3784612
3785746
3787723
3790746
3791612
3791746
3793723
379612
3796723
3797355
3798746
3799355
3799612
3800746
3801612
3801723
3803612
3803746
3804723
3805612
3806612
3807612
3808355
3808746
3810612
3812612
3813723
3813746
3814355
3815746
3818355
3818746
3820355
3820723
3824612
3825612
382612
3826612
3826746
3827612
3827723
3828355
3829723
3830746
3831612
3831723
3836612
3836746
3837612
3838355
3838746
3839355
3840612
3842723
3842746
3845612
3845746
3846355
3846612
3849746
3851746
3853355
3854355
3854746
3855612
3859612
3859723
3860612
3861355
3862355
3863355
3864355
3867355
3867612
3869746
3870612
3872355
3872612
3872723
3873612
3873746
3874355
3874723
3875355
3875612
3875723
3876612
3878612
3879723
3880355
3880746
3881355
3882355
3882612
3883612
3886355
3889723
3890355
3891355
3891723
3894355
3896355
3897355
3897746
3899746
3900723
3900746
3901355
3901612
3901746
3902746
3903355
3904746
3905612
3905723
3906612
3907355
3907723
3908746
3909355
3912746
3915612
3915723
3916612
3916723
3916746
3917746
3922355
3922746
3924612
3924723
3924746
3925746
3927723
3929723
3930612
3932746
3933355
3933612
3935612
3937746
3938355
3939355
3939746
3942355
3943746
3944746
3945746
3946355
3946746
3947355
3947612
3948355
3948746
3951355
3951746
3952746
3954746
3955355
3956612
3957355
3959612
3960612
3962612
3963355
3964355
3965355
3966723
3966746
3968612
3968746
3970355
3970723
3973723
3975355
397612
3977723
3978355
3980746
3982355
3984355
3985612
3985746
3986355
3986746
3987723
3987746
3989612
3990355
3990746
3992612
3993723
3994355
3994723
3996612
3997612
3997746
3998355
3998612
4000355
4000723
4001612
400355
4003746
4005723
400612
4006746
4007355
4007723
4008723
4008746
4011723
4013746
4014746
4015612
4016355
4016612
4017723
4023723
4023746
4024355
4025612
4025723
4026612
4026723
4029723
4029746
4032355
4033612
4034355
4034612
4034746
4035746
4037355
4037746
4039355
4039612
4040612
4040746
4041355
4043355
4044355
4045355
4045612
4045746
4047355
4047723
4048612
4051355
4055355
4056355
4058746
4059355
4060746
4061746
4062612
4062746
4063355
4063746
4064355
4064746
4065746
4066746
4070746
4071612
4071746
4072355
4072612
4072746
4073723
4073746
4074612
4074746
4075723
4078746
4079355
4079746
4080612
4080746
4081355
4081612
4081746
4082355
4083612
4085612
4086612
4086723
4087355
4088612
4089355
4089612
4090355
4090612
4090746
4093612
4095355
4095612
4097612
4098355
4103612
4103746
4104612
4105355
4107355
4107612
4107723
4110723
4111355
4111612
4111746
4112355
4112723
4113612
4114723
4114746
4119355
4121612
4121723
4123746
4124355
4125355
4125612
4125723
4127723
4127746
4128612
4128746
4129355
4130612
4130723
4131723
4132355
4132612
4133612
4134746
4135612
4136723
4136746
4137355
4138746
4139723
4140746
4141746
4142355
4142723
4142746
4143723
4143746
4144746
4146355
4146746
4147355
4147612
4147723
4147746
4148612
4150355
4150612
4151355
4151612
4153355
4156723
4157355
4157746
4158612
4160355
4162355
4162746
4163612
4164746
416612
4166723
4166746
4167355
4167612
4168612
4169355
4169612
4171612
4171723
4173355
4173746
4175355
4175723
4176612
4177355
4178355
4178612
4179723
4179746
4180355
4181723
4182723
4184355
4184746
4185746
4186355
4186612
4188612
4188723
4188746
4191355
4192355
4192612
4193355
4193612
4194612
4195746
4198355
4198746
4200746
4201355
4201746
4202612
4203355
4204612
4205612
4207723
4207746
4208723
4209355
4210746
4212355
4212723
4213612
4214746
4215612
4217746
4218612
4219746
4221746
4224746
4225746
4226355
4227612
4227746
4229355
4230355
4232355
4233612
4233723
4234612
4235355
4235746
4236355
4238355
4241612
4242355
4242723
4242746
4244612
4245355
4246355
4246723
4246746
4248355
4248612
4249746
4250612
4250723
4252723
4254723
4254746
4255746
4256723
4256746
4257355
4257612
4257746
4260723
4261355
4262612
4263746
4265723
426612
4267612
4270355
4271355
4272612
4274723
4274746
427612
4277355
4279746
4280746
4281355
4281612
4281746
4282355
4284355
4284723
4285746
428612
428723
4287746
4291612
4292612
429355
4293723
4294355
4294746
4297355
4299355
4299612
4300612
4301355
4301723
4302723
4305612
4307746
4308355
4310355
4312723
4314355
4315355
4316355
4317612
4318723
4320746
4322746
4323355
4323612
4324355
4324612
4326612
432723
4327355
4328612
4328723
4329355
4329612
4330355
4330612
4331612
4331723
4331746
4332612
4333612
4333746
4334355
4334723
4336612
4336746
4337355
4337723
4337746
4338723
4339612
4339746
4340355
4341355
4341746
4342746
4344746
4345612
4345746
4346612
4346723
4347612
4347723
4348612
4348746
4349746
4350746
4352746
4353746
4355355
4355612
4355723
4356612
4357355
4358612
4358746
4359612
4359746
4360355
4362612
4365355
4367612
4367723
4368746
4369612
4370612
4371612
4371746
4374355
4375746
4377612
4377723
4377746
4378612
4378746
4383723
4383746
4384612
4384723
4385746
4386746
438723
4387612
4388612
4391355
4391612
4391723
4393723
4394723
4395746
4396355
4396746
4397612
4397723
4398612
4399723
4400355
4400612
4400746
4401746
4402723
4403612
4404612
4405723
4406746
440746
4407612
4409746
4410612
4411355
4412355
4412723
4415723
4415746
4416746
4417612
4417746
4418746
4420355
4420612
4421723
4421746
4422746
4423612
4424355
4425355
4425612
4426612
4426746
4427355
4427612
4428612
4429746
4430723
4431746
4433746
4434723
4436612
4436723
4438723
4438746
4439612
4441746
4443746
4444723
4445355
4445723
4446355
4446746
4448612
4450723
4450746
4451612
445355
4453612
4453723
4453746
4454746
4455612
4455723
4456355
4456723
4456746
4457723
4460612
4460723
4463723
4463746
4464355
4464612
4465612
4467355
4468746
4471723
4471746
4472612
4472723
4473723
4475612
4475723
4476355
4476746
4477612
4478355
4478746
4479355
4479612
4480746
4481612
4482612
4482746
4483355
4483612
4483723
4484355
4484612
4485612
4485723
4486612
4486723
4487355
4488723
4490746
4491746
4492746
4494355
4494723
4495355
4496355
4496612
4496746
4499355
4499612
4500355
4501723
4504612
4504723
4504746
4506612
4507355
4508355
4510723
4511746
4513355
4513612
4514612
4515723
451612
4517355
4517746
4518746
4519355
4519746
4520612
4520746
4521723
4521746
4522746
4525612
4526355
4527746
4528746
4530355
4531355
4535355
4535746
4536355
4536612
4537746
4538746
4539612
4539746
4540612
4542746
4543612
4544355
4544723
4545355
4546355
4547355
4548612
4549355
4550612
4550723
4550746
4552612
4554355
4554723
4555612
4556746
4557723
4558723
4559723
4560355
4561355
4561612
4561723
4562746
4563746
4564612
4565355
4565612
4566355
4566746
4567612
4567746
4569612
4569746
4570612
4572746
457723
4577612
4577746
4578355
4579355
4579612
4579746
4581355
4582612
4583355
4583612
4584746
458612
4586612
4587723
4587746
4589612
4589723
4591355
4593612
4593746
4594355
4594723
4595355
4596612
4597355
4597612
4597746
4598612
4599612
4600612
4600723
4601612
4603612
4604355
4604612
4604723
4605746
4606723
4608746
4611355
4611612
4611746
4612723
4613355
4613746
4615355
4615723
4615746
4616723
4618355
4618612
4620355
4622723
4625612
4625746
4626355
4627612
4628355
4628612
4628746
4629612
4630355
4630723
4631612
4632355
4632612
4633355
4634612
4635723
4636355
4637355
4639612
4640612
4641612
4641723
4641746
4642355
4643612
4643746
4644746
4645746
4646612
4647355
4648746
4649612
4651355
4652355
4652723
4656746
4657746
4658612
4659355
4659723
4660612
4660746
4661612
4661746
4662612
4663355
466355
4664355
4664746
4666355
4666612
4668723
4668746
4670355
4670612
4670746
4671355
46723
4672355
4674746
4676723
4678355
4678723
4679723
4680355
4680723
4680746
4681612
4681723
4681746
4683723
4685355
4686612
468746
4687723
4687746
4688723
4689355
4689723
4690355
4691355
4691746
4693723
4694355
4695723
4695746
4696355
4696723
469746
4697746
4698355
4700723
4702612
4704355
4705723
4706723
4708355
4708612
4708746
4711355
4712612
4713355
4713612
4715723
4716612
4716746
4717612
4719355
4720612
4721746
4722612
4724612
4725355
4725612
4726355
4726723
4726746
4729612
4731746
4733612
4733723
4733746
4734746
4736746
4738355
4738612
4738746
4739355
4739746
4740723
4742746
4743355
4744723
4745355
4745746
4746355
4747746
4749612
4749746
4752355
4752612
4753355
4754355
4754723
4755612
4755723
4756746
4757355
4758355
4758612
4759355
4759746
4760612
4761355
4763355
4763612
4763746
4764612
4764746
4765723
4766612
4768746
4769746
4770355
4771355
4775355
4775723
4775746
4776355
4777355
4778746
4779355
4781612
4781746
4782355
4782612
4783612
4785355
4787355
4788746
4789746
4790355
4790612
4790746
4791746
4792355
4792612
4792746
4796355
4796612
4797612
4798746
4799355
4799612
4801355
4801612
4802723
4802746
4803612
4803746
4804355
4804746
4806355
4806746
4808355
4808612
4809355
4809612
4809746
4811612
4812746
4813612
4813723
4815723
481612
4816355
4816723
4817746
4818746
4819612
4820612
4822723
4823612
4823746
4825612
4826612
4826723
4827355
4827723
4829612
4829723
4830746
4834612
4836355
4837723
4839355
4839746
4840355
4840723
4841612
4841746
4842355
4842612
4842746
4843355
4846355
484746
4849746
4852723
4853612
4853746
4854355
4854612
4855746
4858355
4859355
4859723
4860746
4861746
4862612
4863355
4863612
4863723
4865355
4866746
4870612
4871746
4873746
4874612
4875355
4875746
4876355
4876612
487746
4878355
4878746
4879355
4880612
4880723
4880746
4881355
4881746
4882612
4882746
4883612
4883723
4884612
4886612
4888746
4889612
4890355
4890723
4891355
4891746
4893355
4893746
4894355
4894746
4895355
4896723
4897612
4897746
4899723
4901723
4902746
490355
4904723
4906355
4906723
4906746
4907746
4908355
4908746
4909355
4909723
4911355
4911746
4912612
4913355
4914746
4915355
4915612
4916612
4916746
4917746
4919746
4920355
4920612
4923612
4923746
4926355
4927355
4929612
4929723
4930612
4931355
4931746
4932355
4932723
4932746
4934612
4935355
4937355
4937612
4937746
4938355
4939612
4940746
4941355
4941612
4941723
4942612
4942723
4943723
4943746
4944355
4944612
4946612
4947723
4948746
4950355
4950612
4951355
4951612
4951723
4951746
4952355
4953612
4953723
4953746
4955723
4956355
4956612
4957746
4958746
4961355
4962746
4964723
4965355
4965723
4967723
4969612
4971612
4972612
4972723
4977612
4979355
4979746
4980355
4981746
4982355
4982612
4983723
4984612
4984746
4985723
4986746
4987746
4988612
4988746
4991746
4992723
4993355
4993746
4996723
4998355
5000746
5001723
5002355
5003746
5005612
5006723
500723
5008723
5009746
5010723
5011355
5011612
5012612
5012746
5013723
5014612
5014746
5016355
5016723
5017355
5017746
5020612
5021355
5021723
5022746
5023612
5024612
5024746
5025723
5026612
5027612
5027723
5028723
5029746
5030355
5030723
5031723
5032355
5032723
5033746
5034723
5034746
503746
5037723
5037746
5038723
5040612
5041355
5041723
504355
5043723
5043746
5046612
5046723
5047612
5050746
5052355
5053612
5056723
505723
5057612
5059355
5059746
5062612
5062723
5064746
5065612
5066612
5066746
5067723
5068612
5069723
5070723
5071355
5071612
5072355
5073355
5073723
5074723
5075612
5077723
5078612
5078746
5079746
5081355
5082355
5082612
5083612
5084355
5084746
5085612
508612
5087723
5088355
5088612
5088746
5089612
5091723
5091746
5094355
5096355
5096723
5097355
5098612
5099723
5101355
5102746
5105355
5106355
5106746
5108723
5109355
5109612
5109746
5110355
5111355
5111612
5112746
5113723
5114355
5114612
5116612
5116723
5116746
5118723
5119612
5120612
5120746
5121355
5121723
5124746
5125355
5126612
5127355
512746
5128355
5129746
5130746
5133355
5133723
5135355
5135612
5136355
5136612
5136723
5137723
5137746
5138355
5138612
5138746
5139355
5141746
5142355
5143355
5143723
5145612
5145723
5146723
5146746
5147612
5148355
5148746
5150355
5151355
5154746
5155723
5157612
5160723
5161612
5162355
5162723
5163355
5164746
5166355
5166723
5166746
5167355
5167746
5169612
5170746
5172355
5172612
5172723
5173355
517355
5174355
5175723
5175746
5176355
5176746
5177355
5177612
5177723
5178612
5179355
5180355
5181723
5181746
5182355
5182746
518612
5186355
5186612
5186723
5186746
518723
5187355
5189355
5189612
5190612
5190746
5191612
5195612
5196355
5197612
5197746
5198355
5198612
5200746
5201612
5202355
5202723
5202746
5203746
5204355
5207355
520746
5208355
5208612
5208723
5208746
5209723
5209746
5210746
5212355
5214612
5216723
5217723
5217746
5218355
5218723
5218746
5221612
5223746
5226723
5228355
5229746
5231723
5231746
5232746
5233746
5234355
5234746
5235355
5235612
5235746
5236746
5238355
5238612
5239612
5239723
5239746
5240355
5240612
5241723
5241746
5242612
5243723
5244612
5244746
5245612
5245746
5246612
5246723
5248355
5248612
5248723
5249612
5249746
5250612
5253723
5254355
5254612
5254746
5255612
5257355
5259355
5259746
5260355
5260746
5262612
5262723
5263612
5264355
5264723
5266355
5266612
5267355
5267746
5272723
5273612
5273723
5273746
5274612
5274746
5275355
5275746
5276746
5277612
5277746
5278612
5279723
5279746
5280355
5280612
5281355
5281612
5281723
5283723
5284746
5287612
5290355
5290746
5291723
5293612
5294355
5296612
5296746
529723
5298355
5298746
5299355
5300612
5300723
5301746
5302355
5302746
5303355
5303612
5304355
5305723
5307355
5307612
5308355
5308723
5309355
5310355
5311355
5312723
5312746
5314355
5314612
5314723
5317746
5318355
5318612
5318746
5319355
5319723
5320355
5320612
5320746
5321355
5321612
5322355
5322612
5322723
5323723
5324355
5324746
5325746
5326355
5327723
5327746
5328612
5328746
5329612
5329746
5330612
5332723
5334723
5334746
5335723
5335746
5336355
5336612
533723
533746
5337612
5338612
5338746
5340723
5341355
5341612
5341746
5344723
5345355
5345612
5345746
5347355
5347746
5349746
5350355
5350723
5351746
5352723
5352746
5353746
5356612
5356746
535746
5358723
5359612
5361355
5361612
5362355
5363723
5364746
5365746
5367355
5367723
5367746
5368612
5368746
5369612
5370355
5370746
5372355
5372612
5372723
5373723
5373746
5374612
5374723
5375723
5376355
5376612
5377355
5377612
5377723
5378355
5378612
5379355
5380355
5382355
5382612
5383746
5384612
5384746
5385612
5385723
5387612
5387746
5390355
5390612
5391723
5391746
5393612
5393746
5395355
5395612
5396612
5400746
5401355
5401612
5402612
5402746
540355
5404746
5405355
5405612
5406612
5406723
5406746
5407746
5408612
5410723
5411612
5411723
5413723
5416723
5416746
5417355
5419355
5419612
5419723
5419746
5420612
5421612
5421723
5422355
5422746
5424355
5426746
5427612
5428723
5429612
5429723
5430612
5431746
5432355
5433723
5433746
5435355
5436612
5437355
5437746
5440612
5440746
5441723
5442612
5443612
5444355
5444746
5445612
5446355
5446612
5448612
5448723
5449723
5452355
5452612
5453355
5453746
5454746
5456746
5457612
5457746
5459355
5459612
5459746
5461355
5461612
5461746
5462355
5462746
5463355
5463612
5465612
5465723
5466612
5466723
5468355
5469355
5469723
5469746
5470746
5473746
5474355
5475723
5476355
5476746
5477612
5478355
5479723
5480355
5481355
5481612
5481723
5481746
5482355
5483723
5484355
5486723
548746
5488355
5488746
5489355
5489723
5490746
5491723
5492723
5492746
5493355
5494355
5494612
5494746
5495723
5496355
5496612
5497723
5497746
5498723
5499355
5499746
5500746
5501612
5501746
5503746
5504723
5505355
5507746
5508612
5508746
5509355
5509612
5509746
5510612
5510723
5511612
5511723
5511746
5512612
5513355
5513612
5514355
5514612
5515355
5516612
5516746
5517355
5517746
5518612
5519746
5520612
5520746
5522355
5522612
5526723
5526746
5527355
5528355
5528746
5529355
5529746
5530355
5530612
5532355
5532723
5532746
5533746
5535746
5536612
5536723
5537355
5537612
5537746
5538612
5538723
5538746
5539723
5541355
5541612
5541723
5541746
5543746
5544746
5546612
5547355
5547746
5549612
5550746
5551355
5551612
5551746
5552355
5552612
5552746
5553612
5554355
5554746
5555355
5555746
5557746
5558612
5559746
5561723
5561746
5562612
5563612
5564355
5564746
5565355
5565746
5566612
5567612
5567723
5568612
5568746
5569355
5569723
5570612
5572746
557355
5573746
5574355
5574746
5575355
5577612
5578612
5580355
5580612
5580746
5581746
5582355
5583355
5583612
5583723
5584355
5585612
5585746
5586746
5589355
5589723
5589746
5590746
5591612
5592355
5592612
5593355
5594723
5595612
5595746
5596746
5597746
5598612
5599355
5599612
5599723
5601723
5602355
5602612
5603612
5603746
5604612
5604746
5605746
5606746
5607355
5607612
5608355
5608746
5609355
5609612
5609746
5610723
5610746
5613723
5613746
5614355
5616355
5616746
5617355
5617746
5618355
5618612
5619355
5619723
5619746
5620612
5620746
5621746
5622355
5622612
5622723
5622746
5623355
5623746
5624355
5624612
5624723
562612
5627355
5628355
5634723
5634746
5636746
5637355
5637746
5638355
5640355
5641746
5642355
5643723
5644355
5644746
5645355
5645723
5645746
5646746
5649355
5649612
5650612
5651355
5652355
5653355
5653723
5654612
5654723
5655723
5656612
5656746
565723
5657746
5658355
5658612
5659746
5660355
5660612
5660723
5660746
56612
5661355
5661723
5663612
5663723
5665355
5665612
5665723
5666355
566723
5667612
5668355
5668612
5668723
5669612
5669746
5670612
5670723
5671723
567355
5674746
5675355
5675612
5675723
5675746
5676612
5676723
5677746
5680355
5680723
5681355
5681612
5682612
5683723
5683746
5685355
5685612
5685746
5686612
5686723
5686746
5687355
5687612
5688355
5688746
5689355
5689612
5689723
5689746
5691723
5692355
5694612
5696355
5698612
5698723
5699355
5699746
5700355
5700723
5700746
5701746
5705355
5706355
5706723
5707355
570746
5708612
5709355
5709612
5710355
5711355
5711612
5712612
5712746
5713355
5713746
5715612
5715723
5716723
571723
5717355
5717723
5718355
5718723
5719612
5720355
5720746
5722612
572355
5724723
5725612
5725746
5726355
5726612
5726746
5727723
5727746
5728723
5729355
5729746
5730746
5732612
5732746
5735355
5736355
5736612
5736746
573723
5737612
5738612
5738723
5739355
5739723
5740612
5742723
5743355
5745355
5745612
5745746
5746355
5746612
5747355
5747723
5747746
5748746
5752355
5753355
5753612
5753746
5755612
5756612
5756746
5757355
575746
5757746
5758355
5758746
5761355
5761612
5762355
5763723
5763746
5765612
5766355
5769355
5769723
5770355
5771746
5772723
5774612
5774746
5775355
5775746
5777723
5778355
5778612
5780355
5780746
5781612
5784612
5784746
5785746
5786355
5787355
5788612
5788723
5788746
5789612
5789746
5790746
5791612
5793355
5793612
5793723
5796612
5796723
5797355
5797612
5797746
5799723
5801355
5804355
5804723
5805723
5805746
5806355
5806746
5807612
5808723
5809355
5810355
5810746
5811612
5811723
5812612
5813746
5814723
5814746
5815355
5815612
5815723
5816612
5816746
5817612
5817746
5818612
5819355
5819612
5819746
5820723
5822746
5823355
5823612
5823723
5824612
5828355
5828723
5828746
5831355
5831723
5832723
5834355
5834746
5835723
5836612
5837355
5837612
5838746
5839723
5840746
5841612
5842355
5842612
5843355
5843612
5843746
5844355
5844612
5844746
5845355
5845612
5845746
5846612
5848723
5849355
5849612
5849723
5851355
5851723
5852612
5852723
5852746
5853355
5853612
5854723
5855723
5857612
5857723
5857746
5859612
5859746
5861355
5861612
5862355
5862612
5864355
5864746
5865355
5865612
5865746
5866355
5866612
5866746
5867355
5867612
5867746
5869355
5869612
5869723
5870355
5870612
5871612
5871723
5872723
5873746
5874612
5876612
5877612
5877723
5877746
5878355
5879355
5879746
5881355
5882612
5882746
5883355
588355
5883746
5884723
5885612
5885746
588612
5886355
5887355
5888612
5889746
5890612
5891355
5891612
5891746
5892355
5892612
5892746
5893723
5896355
5897746
5898746
5902723
5903355
5904355
5904612
5904746
5906612
5906723
5907612
5908355
5908723
5908746
5909746
5910746
5911355
5912355
5915355
5915723
5916612
591746
5917612
5917746
5918746
5919612
5921612
5921746
5922723
5923746
5925355
5926612
5927723
5928746
5931746
5932355
5932746
5934355
5934612
5934746
5935355
5935723
5935746
5936355
593723
5937612
5938355
5939612
5939723
5940612
5940723
5941612
5941723
5943746
5944355
5944723
5945355
5946355
5946746
5947355
5947723
5949612
5951612
5951746
5952612
5953355
5953612
5954746
5955746
5956355
5956723
5959355
5959612
5961355
5961612
5963355
596355
5963612
5963746
5964612
5964746
5965612
5967746
5968355
5969355
5969746
5972746
5973723
5974355
5974746
5976355
5977355
5977612
5977723
5977746
5978612
5978746
5979612
5980355
5980612
5980723
5981746
5982746
5984723
5985355
5985612
5986355
5988355
5990355
5991746
5993355
5993612
5993746
5994355
5994612
5996746
5998746
5999355
6001355
6002723
6003612
6003723
6003746
6004355
6005355
6005612
6006612
6008355
6008612
6009612
6009723
6009746
6010746
6011612
6011746
6012355
6012612
6013612
6014746
6016612
6017355
6018355
6018723
6019746
6021746
6023355
6024723
6025746
602612
6027355
6028723
6028746
6029746
6030723
6030746
6031746
6034746
6035723
6035746
6036355
6037612
6037746
6038355
6038746
6039723
6040746
6041355
6042612
6045612
6045723
604723
6048355
6049355
6049746
6051612
6052355
6052723
6054612
6054746
6055746
605612
6056746
6057355
6057746
6058612
6058746
6059355
6059612
6059746
6061723
606355
6064723
6066355
6068612
6068746
6071612
6071723
6072612
6072746
6073723
6073746
6074746
6075612
6075746
6076355
607746
6077612
6077746
6078746
6079355
6080746
6081612
6081746
6082612
6082746
608355
6084355
6084612
6085355
6085612
6087355
6087612
6087723
6087746
6088355
6088612
6089355
6089746
6090355
6090612
6090746
6091746
6093612
6093746
6095612
6095746
6096355
6096612
609723
6097612
6097746
6099355
6099746
6100355
6100746
6102723
6102746
6104612
6105612
610612
6106355
6106723
6107723
6107746
6108612
6110612
6111355
6111746
6112612
6112746
6114746
6117355
6117746
6118355
6118612
6118723
6121723
6121746
6122355
6123355
6127612
6129612
6134612
6135355
6135612
6136612
6136723
6136746
6137746
6138746
6139723
6140746
6141612
6141746
6142723
6143355
6144355
6144612
6144723
6145355
6145746
6146746
6149355
6149746
6150355
6150723
6150746
6151355
6155612
6156355
615746
6158355
6158612
6159612
6159723
6159746
6160723
6161355
6162723
6162746
6165746
6166355
6166723
6167746
6168355
6168612
6169355
6170355
6170723
6170746
6171612
6172612
6172723
6172746
6173746
6175723
6176355
6176746
6178723
6180612
6181746
6182355
6182746
6183355
6183612
6183746
6184723
6186723
6186746
6187612
6188612
6189746
6192355
6192746
619355
6193612
6193723
6194355
6194723
6196612
6197355
6197746
6198612
6198746
6199723
6199746
6200746
6201355
6201612
6203612
6203723
6203746
6205355
6207355
6208355
6208746
6210355
6210746
6211355
6211746
6213612
6214355
6214612
6214746
6215612
6216355
6218746
6220355
6220723
6221746
6222612
6224612
6225612
6226746
6228746
6230355
6231355
6232355
6232723
6234746
6235355
6236746
623746
6237612
6237746
6239355
6239612
6239723
6239746
6240355
6240746
6241612
6242723
6242746
6243746
6244355
6244612
6245746
6246355
6246612
6246723
6247612
6248612
6248723
6248746
6251723
6254746
6255355
6255746
6256355
6262723
6263746
6264355
6264612
6265355
6265612
6265723
6266746
6267355
6267746
6268355
6268612
6268746
6269612
6269723
6269746
6271723
6271746
6272746
6273723
6274612
6274723
6276355
6277355
6277612
6278355
6279746
6280723
6281355
6281746
6282612
6285355
6285723
6285746
6286355
6287612
6288746
6291612
6292746
6294355
6297612
6298355
6298746
6299723
6300355
6300612
6300746
6301355
6302723
6303746
6304723
6306612
6307612
6309355
6310355
6310723
6310746
6313746
6315612
6316612
6316723
6317612
6317723
6318612
6319355
6322355
6323355
6323746
6324355
6324723
6325612
6326612
6326723
6327355
6329355
6329723
6329746
6331612
6331746
6334612
6334746
6335612
6336746
6338746
6339612
6339746
6340612
6340723
6340746
6341746
6342355
6343355
6343746
6344612
6344746
6345746
6347746
6348612
6349612
6352612
6353723
6354723
6355612
6357746
6358723
6359612
6359723
6362723
6364355
6364746
6365355
6366746
6367355
636746
6368355
6368612
6369746
6370355
6371723
6372612
6373723
6374612
6375355
6376723
6377723
6378746
6379612
6379746
6382612
6385612
6386612
6386746
638746
6387612
6388355
6388746
6389746
6392746
6393612
6393746
6394355
6394746
6395723
6395746
6396355
6397355
6397612
6398612
6398723
6398746
6399612
6399746
6400355
6401612
6402355
6404612
6405355
6405612
6405723
6408612
6408746
6409355
6410355
6410723
6411355
6411746
6412612
6413746
6414355
6414612
6414746
6415746
6419746
6420612
6420746
6421723
6421746
6422355
6423723
6423746
6424746
6425355
642612
6428723
6429355
6429612
6429723
6430355
6432355
643355
6433612
6433723
6438746
6440746
6441746
644355
6444612
6445355
6447723
6447746
6448612
6448746
6449746
6450355
6451723
6452355
6452612
6453355
6453612
6453746
6454612
6454746
6456612
6458355
6458612
6458746
6460723
6462723
6463355
6463723
6465723
6466355
6466723
6467746
6468612
6468723
6469612
6469723
6469746
6470612
6470723
6471723
6472355
6472612
6472723
6473612
6475723
647612
6476355
6476746
6479723
6480612
6480746
6483355
6484612
6485723
6486612
6487355
6487723
6487746
6488355
6489355
6489612
6490355
6490612
6490723
6491612
6492612
6492746
6494612
6497355
6497612
6498723
6499723
6500355
6500612
6500723
6500746
6501612
6502355
6502746
6503355
6504612
6506746
650746
6510612
6511355
6511612
6511723
6515746
651612
6516355
6517723
6518355
6518612
6518723
6519612
6520612
6520746
6521746
6522355
6522746
6523746
6524612
6525355
6527355
6528612
6529612
6529723
6529746
6531612
6532355
6532612
6532746
6533355
6534355
6534612
6535723
6535746
6536612
6536746
653746
6537612
6538355
6538746
6539355
6539723
6540355
6540612
6541612
6542612
6542746
6543355
6544746
6545355
6545612
6547355
6547746
6548355
6550355
6550612
6551355
6553612
6553746
6554723
6555355
6555612
6555746
6556612
6556746
6558723
6559355
6559723
6560355
6560723
6561723
6562355
6563723
6564612
6566355
6566612
6567355
6568746
6569723
6569746
6570723
6571355
6572746
6573355
6573723
6573746
6574723
6575355
6576612
657723
6577723
6579612
6579746
6580612
6580746
6582612
6583746
6584355
6586355
6586746
6587355
6587612
6588746
6589355
6589746
6590355
6591723
6593355
6593612
6594612
6595723
6595746
6598355
6598612
6600612
6601355
6601746
6602612
6602723
6604355
6604612
6604723
6607723
6608355
6609723
6610355
6611612
6612355
6612612
6612746
661355
6614746
6615746
6618612
6619612
6619746
6620612
6621355
6622612
6622723
6623355
6623612
6625355
6625612
6626355
6626612
6626746
6627746
6629612
6629723
6631723
6632612
6632723
6632746
6633355
6633612
6635612
6635723
6635746
6636746
6637723
6638612
6639355
6639612
6640355
6640612
6641723
6641746
6642723
6643355
6644612
6647723
6648612
6648723
6649723
6649746
6650746
6651612
6652723
6653746
6655612
6655746
6656612
6656723
6657355
6657746
6658723
6659355
6660612
6662355
6663355
666355
6663612
6665723
6666746
6668746
6669612
6671746
6672355
6672723
6673723
6674355
6674746
6675612
6676746
6677355
6678612
6679746
6680355
6680612
6680723
6680746
6681723
6682355
6682612
6683355
6684723
668612
6687355
6688746
6689612
6689723
6689746
6690612
6692355
6692746
6693355
6694612
6694746
6695746
6696612
669746
6697723
6698612
6699746
6700355
6701355
6702612
6703355
670355
6703723
6704355
6704612
6705612
6706612
6706746
6707355
6707723
6708723
6710612
6711723
6712746
6713612
6713746
6715746
6716612
6716723
6717355
6717612
6718612
6718723
6719355
6719746
6720746
6721355
6724612
6724746
6725355
6727723
6728355
6728612
6729612
6729746
6730355
6731355
6731746
6732355
6732612
6732746
6733612
6733746
6734355
6734612
6734746
6737723
6738612
6738723
6739355
6739723
6742746
6743723
6746746
6747355
6747746
6748355
6750723
6750746
6751746
6752355
6753723
6755612
6755723
6757355
6759746
6762355
6764612
6765355
6765612
6765746
6766746
6767612
6770355
6772355
6773355
6773746
6774612
6775612
6775723
6775746
677723
6777355
6777612
6778612
6779612
6780612
6780723
6780746
6781612
6783612
6784723
6784746
6785355
6785612
678612
6786612
6786746
6787355
6787612
6788612
6789355
6789612
6790723
6791612
6791723
6792355
6794746
6795355
6797612
6797723
6798355
6798612
6798723
6798746
6799612
6799723
6799746
6801612
6802612
680355
6803723
6803746
6805355
6805612
6805723
6806612
6808355
6808746
6809723
6810612
6812355
6814723
6814746
6815612
6816612
6820612
6820723
6821723
6822355
6822612
682355
6823612
6825612
6825746
6826355
6826746
6827612
6827746
6828746
6830746
6831746
6834612
6835355
6835612
6836355
6836612
6837723
6838355
6838612
6838723
6839355
6839723
6841612
6842723
6843612
6843723
6845612
6846723
6846746
6847723
6848355
6849723
6850355
6850746
6851355
6851723
6852355
6852612
6852746
6853746
6854355
6855723
6856723
687355
696612
708355
712612
712723
721746
728746
731355
7350746
7352355
7353746
7354355
7354612
735612
7357355
735746
7357612
7358355
7358723
7359723
7360612
7360746
7362612
7362746
7363355
7363612
7364612
7365612
7365746
736612
7366612
7367723
7371612
7372612
7373355
7373612
7373723
7374746
7375612
7376355
7376612
7377355
7379612
7383612
7384355
7384612
7385355
7386746
7387612
7388723
7389746
7390355
7390746
7391723
7391746
7392355
7393612
7394746
7395355
7395746
7396355
7396612
739746
7397612
7397723
7399355
7399612
7400723
7401746
7402355
7404723
7405723
7408355
7409612
7411355
7411612
7413723
7413746
7414355
7415355
7416612
7416746
7417746
7418355
7418746
7419723
7420355
7421612
7422355
7424355
7424746
7425612
7426723
7426746
7428355
7429355
7429746
7430723
7430746
7431723
7432612
7433746
7434355
7434612
7434723
7434746
7435355
7435612
7436355
7437355
7437612
7438723
7439612
7439723
7441355
7441612
7441746
7442355
7445355
7445612
7445723
7446612
7447612
7447746
7449723
7449746
7451355
7451612
7452355
7452612
7455355
7455746
7456355
7456746
7457355
7458612
7459355
7462612
7462746
7464355
7465355
7465723
746612
7466355
7466612
7467612
7469612
7470612
7470723
7470746
7471723
7471746
7472355
7472746
7474612
7475355
7477355
7477723
7478612
7480746
7481746
748355
7483612
7483723
7484723
748612
7486355
7486612
7486723
7486746
7487612
7487723
7489355
7489612
7490355
7491612
7494355
7495723
749612
7496355
7497612
7497746
7498612
7501612
7502723
7503723
7504723
7506612
7506746
750723
7508612
7509355
7511355
7511612
7513723
7514355
7514612
7514723
7515355
751612
7517612
7520355
7521746
7523723
7524723
7525612
7528355
7530612
7530746
7531355
7531723
7532355
7533612
7533746
7535723
7537723
7539355
7540355
7540746
7542723
7543355
7544612
7545723
7545746
7546612
7547612
7548746
7549612
7550612
7551612
7551723
7552355
7552612
7552723
7553355
7554355
7554612
7555746
7556723
7556746
7558355
7558746
7559355
7559612
7559723
7560746
7561612
7562355
7562612
7562723
7565355
7565612
7565723
7567612
7567746
7569355
7569612
7569746
7570612
7570746
7571723
7572355
7573612
7573746
7574355
7575355
7575723
7575746
757612
7576355
7576746
7578355
7578612
7578723
7581612
7582355
7582612
7583612
7583746
7585746
7588746
7589355
7589723
7590612
7590723
7590746
7591355
7592355
7592612
7593746
7594355
7594612
7595723
7595746
759746
7597612
7597746
7598746
7599355
7599746
7601746
7604355
7605355
7605723
7605746
760612
7606355
7606612
7606746
7607355
7609355
7609612
7610612
7610723
7610746
7611612
7611723
7611746
7612612
7612723
761355
7614612
7614723
7615612
7615723
7616355
7617355
7617723
7617746
7619355
7620612
7621612
7624746
7625355
7625723
7626355
7626612
7626746
7628746
7630355
7630723
7631355
7632746
7635723
7635746
7636355
7636612
7637355
7637723
7639612
7639723
7640355
7640612
7642355
7642746
7643612
7647612
7648746
7650746
7652612
7652723
7653612
7654746
7655355
7657355
7659355
7659723
7659746
7660355
7661612
7661746
7662355
7662746
7664746
7665746
7666612
7666723
7666746
7667355
7668612
7668746
7669746
7670355
7670723
7673355
7673612
7673746
7674355
7674723
7675612
7677355
7677612
7677723
7677746
7678355
7678612
7678746
7680612
7680746
7681612
7682355
7682746
7683355
7683723
7683746
7685723
7686612
7687746
7688612
7688746
7690612
7690723
7691746
7694746
7696355
7697355
7697723
7697746
7698612
7699355
7699612
7700612
7700723
7701612
7702612
7702723
7702746
7703355
7704355
7704723
7704746
7705723
7706355
7707355
7707723
7708612
7709355
7710355
7710612
7712355
7712746
7713355
7713723
7716355
7717355
7718723
7718746
7719746
7720355
7721723
7723612
7724355
7725723
7726355
7726723
7726746
7727612
7729723
7730612
7730746
7731355
7732746
7733355
7734746
7735355
7735612
7736355
7736746
7737355
7737612
7738746
7739355
7739723
7739746
7740746
7741612
7741746
7742612
7743612
7745612
774746
7747612
7747723
7748723
7749355
7750723
7750746
7751723
7751746
7752355
7752723
7753612
7755612
7755746
7756355
7756612
7760355
7760612
7761723
7762612
7764355
7764612
7765612
7767355
7767612
7768612
7768723
7769612
7770355
7770612
7770746
7772723
7772746
7773355
7774612
777612
7776746
7778355
7778723
7779723
7780746
7781746
7782612
7783355
7783612
7785746
7786355
7786612
7786723
7787612
7787746
7792612
7793612
7793723
7795355
7795612
7795723
7797355
7797746
7798355
7801612
7801723
7802612
7806355
7807746
7808355
7808612
7808723
7808746
7810746
7811355
7811612
7811746
7812355
7812612
7813355
781355
7813612
7814355
7814746
7815612
7815746
7817612
7817723
7817746
7818612
7820612
7821612
7823612
7823723
7823746
7824355
7825612
7825723
7825746
7827355
7828723
7830612
7830746
7831612
7832746
7833723
7833746
783723
7837746
7838612
7840355
7840723
7842355
7843355
7843746
7844723
7845723
7846746
7848612
7849355
7850355
7850723
7850746
7851612
7852355
7852612
7852723
7853355
7859746
7860746
7861355
7861723
7862612
7862746
7863355
7863723
7865355
7865612
7866612
7866746
7867612
7868355
7871746
7872355
7873723
7875355
7875723
7876612
7878723
7879723
7880723
7880746
7882355
7882723
7884355
7886746
7887723
7887746
7888746
7889612
7889746
7890355
7891612
7891723
7892355
7892612
7893612
7893723
7894355
7894612
7894746
7895355
7895746
7896355
7897355
7898612
7898746
7900355
7900612
7900746
7901746
7902355
7902746
790355
7904355
7904746
7905612
7905746
7907355
7907612
7907723
7908612
7908746
7909355
7909746
7910612
7910746
7911612
7911746
7912355
7912746
7913355
7913612
7914355
7914612
7916723
791723
7917355
7917723
7918723
7920612
7920723
7920746
7922612
7923612
7924746
7925612
7926612
7926746
792723
7927355
7927723
7927746
7928612
7929612
7930355
7931723
7932355
7932612
7934612
7935723
7937612
7937746
7938355
7939612
7940355
7940612
7941746
7942355
7943612
7944746
7945612
7946355
7946723
7948746
7949612
7950355
7951355
7951612
7951723
7951746
7953612
7953723
7953746
7955355
7957612
7958355
7959355
7959723
7961355
7961612
7962355
7962746
7963723
7963746
7964355
7964612
7964723
7966355
7967746
7968612
7968746
7969612
7970612
7971612
7971723
7972355
7972612
7972723
7972746
7974746
7975355
7976723
7976746
7978355
7980355
7980746
7981355
7981612
7982612
7982723
798355
7983746
7984355
7984723
7984746
7986723
7987612
7988355
7990612
7990723
7992723
7993355
7994355
7994746
7995746
7996355
7996746
7997746
7999746
8000355
8000612
8000723
8001612
8003612
8004355
8004612
8007746
8009612
8009723
8010746
8012612
8012723
8012746
8014612
8015723
8017355
8018355
8018612
8019612
8023746
8024746
8025612
8028612
8028723
8029355
8029746
8030723
8031612
8031723
8032355
8032746
8033723
8034355
8035355
8035746
8037355
803746
8037612
8037723
8037746
8038612
8038723
8040355
8041355
8041612
8042355
8043746
8045355
804612
804746
8047746
8048746
8049612
8050723
8050746
8051723
8051746
8052355
8052723
8053612
8053746
8054355
8054723
8054746
8055612
8056612
8056723
8057723
8058612
8060723
8061355
8061612
8062612
8062723
8063355
8064355
8064612
8064746
8065612
8066723
8066746
8069746
8070355
8070746
8071612
8071746
8072723
8072746
8074355
8074723
8075723
8075746
8077612
8078746
8079355
8080723
8081612
8083612
8084723
8085723
8085746
8086612
8087355
8087612
8087723
8088612
8089723
8089746
8091355
8091746
8092746
8094746
8095355
8095746
8096355
8097355
8097612
8097746
8100723
8101723
8101746
8102355
8102746
8105723
8105746
8106723
8106746
8107723
8108746
8109612
8110612
8111355
8111612
8111723
8114355
8115612
8117355
8117746
8118612
8119746
8121612
8121746
8125355
8125612
8125746
8126355
8127355
8127746
8128355
8130355
8130612
8131355
8131746
8132612
8134355
8135612
8135746
8136612
8136723
8136746
8137355
8137723
8138612
8138723
8138746
8139612
8140355
8140612
8141612
8143723
8144355
8145612
8145723
8146612
814723
8147746
8151723
8153746
8154355
8154612
8154723
8156612
8157723
8158746
8160355
8163355
8163746
8164723
8166746
8167355
816746
8167746
8169746
8170612
8170723
8171612
8172746
8173355
8173612
8176723
8177746
8180355
8180612
8180723
8182355
8182723
8182746
8183723
8185355
8185612
8187612
8188746
8189612
8189746
8191355
8191612
8192355
8193355
819355
8193746
8194612
8195355
8195746
8196723
8196746
8197612
8197723
8199355
8199746
8200355
8202612
8203746
8204355
8204723
8205355
8205612
8206612
8207355
8207723
8209355
8209612
8210612
8211355
8211746
8214612
8216723
821746
8217723
8217746
8218612
8220723
8221612
8222746
8223612
8223746
8224355
8226355
8226723
822723
8227355
8227612
8227746
8228612
8228723
8229612
8230723
8231612
8232355
823355
8233746
8236612
8236723
8236746
823746
8238746
8241723
8241746
8243612
8246723
8246746
8247355
8247723
8248723
8251612
8252723
8252746
8253612
8253723
8254355
8255612
8256746
8257355
8257723
8257746
8258612
8258746
8259355
8259612
8263723
8264355
8264723
8264746
8265355
8266612
8266723
8267612
8267746
8268723
8268746
8271612
8272612
8274355
8276612
8277355
827746
8277612
8277746
8280746
8281746
8284723
8284746
8286723
8287746
8288355
8289355
8289723
8291355
8291612
8291746
8292746
8293355
8294612
8295355
8295612
8296355
829746
8297746
8298723
8299723
8299746
8300355
8300746
8302612
8305355
8305612
8306355
8306746
8307612
8308355
8308612
8308723
8308746
8310355
8311612
8312355
8314746
8315723
8316355
8316746
8317746
8319612
8320355
8320612
8320723
8321723
8321746
8322723
8323355
8323746
8324746
8327746
8328355
8330355
8330612
8331355
8331612
8331746
8332355
8334355
8335612
8336355
8340612
8340746
8342612
834355
8346746
834746
8347746
8348746
8349612
8349746
8350355
8351612
8352355
8352723
8353746
8354612
8355355
8355612
8355746
8356612
8356746
8357723
8357746
8358355
8359723
8359746
839355
839746
840746
842723
843612
843723
844612
845612
845723
846355
847746
852746
855746
85723
857355
863355
865355
865612
866355
866612
878746
884355
911612
912723
920355
920612
921723
924746
927612
928355
930723
933723
942723
943723
943746
945612
949612
951612
955612
955746
956355
956723
959355
961746
96355
965746
968355
968612
970723
973723
974612
977612
979355
981355
983746
988612
989746
992746
997746
998355
